A*
120 100
54 78
1270
30
28 70
10 91
72 29
94 68
49 45
99 97
98 49
28 63
34 68
99 67
20 76
45 45
99 61
53 17
83 30
66 55
39 34
 6 76
12 56
13 36
89 74
88 49
40 13
57  7
35 94
94 65
55 51
96 19
52  7
69 58
 225  559 1987 1723  225  785 1809  457 1652 1031  164  214  557 1661  246  800  620 1277 1595 1965 1335  952  174  328  434  276 1352 1304   32 1016 1376 1704  769 1475  707 1559  967  882 1090  304 1511  868 1633  868 1360 1742  510 1658 1556  837 1887  804 1948  281  152 1770  121  168 1655 1914  841  641 1202 1741 1642 1219  187  560  335  715  793 1817  498  443  518 1991 1072 1733 1794  729  985 1691 1597   78  575  401 1410 1935 1805 1860 1941 1909  803   46 1768  402 1773  380  591  457  516 1893   14 1881 1747  961 1125 1283 1993  365  970  326  568 1711 1735  973  386 1239   84 1871
 169 1130 1211  277 1153  912 1749 1129  819  501 1367  680 1038 1101 1404 1560 1727  934 1900 1976  234 1362  412  801  297    4  123 1765 1788  544  367 1376 1926  196 1424  429  868 1980   31  440  501  217  839 1162  415  245  888  500 1573  383  493  650 1576 1434  862 1629  350 1185  396 1251 1566  205  725  421  417 1540  827   45 1835 1282  448  465    3 1564  113 1055  246  126 1841 1935 1926 1539 1442 1756  204 1646  367   49 1653  146  485  603 1648  595 1779 1932 1463  740  597  373  372  317 1625  248  996 1237 1092 1081 1812  494 1331  950 1044  114 1504 1102  533 1926 1471  117
1542 1977 1106  669 1316 1628  894  586 1738  478 1076 1646 1541  738  397 1942   68 1114 1058  734  440 1128 1853   33  515 1946  382 1473 1459 1031  846 1327  644   22 1957  197  589  382 1903   90  510 1152 1207 1592 1915 1276 1755  511 1812 1845  596 1197  308  534  117 1515  594 1242 1461  182  779 1388 1714 1962  718  527  799  198 1943  930  363  668  144  507  895 1692 1136 1671  223 1919 1111  967 1681  527 1160 1383  605  894 1966 1387  336 1010  914  322 1267  409  353 1485 1351  336 1692 1551 1457 1013 1279 1541  573 1437  557  881 1643 1509 1528 1896  294 1919  776  896  582  752
  37  493 1834 1620 1019 1606 1813  216  260 1171 1197 1821  335  174 1762 1419  378 1026 1567  749 1924 1955  351   59  678  853  459  842  813  597  590  552  463 1953  282   85  723  155  773  306 1997  894  870 1167    4  126  275 1906 1588 1378 1549  379 1074  211 1784 1883  500  154 1836 1265 1748  943 1994 1355  719 1758  576  792 1297  329 1801 1184   62 1534  370  876 1751 1760 1132   71 1386 1549   68 1256  161  857 1939  652 1454 1696  236 1173  678   33  869  511 1814  352 1399 1200 1869 1513 1732 1969  454  916 1376  676   75  333  408 1969  257 1117 1501 1010  447 1690 1436   74
1671  824   74  770  970 1280  838 1873   42 1245  259  351 1876 1138  708 1647 1903 1810 1232 1569 1686  389 1474  733  846  444  470  193 1280  645  666 1496 1990 1568  722  315 1920  987  967  995 1384 1962 1894 1393 1929 1426 1583 1126 1079 1084  611 1996  260  895 1487  763 1356 1598 1069 1081  371 1292 1782  838 1191  122  531  308 1318 1722 1200  583 1281 1565  911 1275 1828   60 1038  801  717  558  833  347 1198 1190  640 1450 1829  724  421   78  418 1482 1341  599   63  608 1834  215  899 1797 1885  884 1402  567 1497  470 1806  632   48  888 1192  232 1409 1071 1107 1026  818   82
1574 1721 1631 1956  957  817  103  434  527 1003 1354 1346 1063  662  888  502 1643 1815 1571  272 1519 1283 1991 1023 1852 1569 1526 1876 1018  464  299  911  431  397  567  650  302 1232 1266  789 1525 1294 1854 1618 1766  419  110  959 1084  894  750  560 1355 1538  891   33 1006  340  744 1909 1055 1696  697 1725  317 1591  432 1765  526 1749  467  739  797  693 1546 1431 1795  526 1693 1313  388 1077 1328  379 1294 1851 1025  301  974 1322 1018  898  735  696  551  976 1162  238 1355 1215  732  834 1787  365 1376  771  656 1735  753  193 1576 1293 1015 1636 1963 1531  533 1325 1379 1584
 502 1581 1391 1580  626 1438 1379  837  777 1436 1366  887 1985  529 1924  881   35  326  291 1591 1893  579  101  831 1123  788  838 1388  588 1809   49  614  477  711  122  367  865  120 1676 1173  730  864 1530  299 1445 1355 1417  664 1004 1109  519  843 1784 1937 1519   53 1343 1006 1979 1367 1743  284 1585 1247  125  891  887 1103 1065  759  678 1807 1951 1716 1171  899 1388 1514  575  285 1576 1988   62 1453 1914  826  433   68  731  224 1203 1084 1862   66 1431 1645  165 1490  755  556 1169 1924 1929  219   85  963 1972  303 1469 1972 1261 1337  779 1934  263  133 1440 1496 1408 1871
 799  300  305 1402  386  866  117  151  670 1845 1332 1263  570  792 1519 1114 1516 1628 1655 1177 1555  441 1013 1417  577  838 1756  251  701 1783 1075 1652  933  972 1722  199  351 1125  813 1313 1121  600 1832  241 1343  681 1324  104 1474  586 1669  919 1293  659 1049 1292 1346 1770 1919 1753  928  339 1663 1823  969  578  420 1795 1980  719  930  549  967  905 1215  612  902  626 1923  922 1595 1587  576   52 1208  119 1030  792 1992 1290  158 1040   58 1625 1019  949 1085  951  617 1294 1091  544  724 1877 1090  639  400  114 1849  345 1012  907 1373  431 1367 1857 1051  383 1013 1693
 526  255 1571 1255  710  874 1827 1032  341  323 1025 1934  113  454  471 1111  297  636  282 1849 1334 1012 1848  776  922 1976 1114 1563 1322 1121 1233  306 1443  933 1481 1538 1325 1353  854 1898 1650  104  964 1425  813   65 1426 1774  922  495 1296  257  497   89 1166 1153  962 1714  705  113 1945  232  630 1727   62  268   58  229 1266  329  101  297  697 1337  605  290  563  852  428  271 1033 1528 1009  306 1062  272  192 1754  348   84  181  884 1348  298  404  609  920  530 1421  418  687   90   44 1365  337  106 1924   75 1546   58  382  903  915  403 1560  572 1248   97 1823 1026
 162 1340 1631 1525  396 1873  228  202  305  438 1883  545  922 1639  873  283 1034  393  578  926  224   47  932  556  120   85  890 1146  911  322 1699 1626  799  789  398  570  725  927 1590  108 1302  639   82  235 1981  424  979  804 1148  733  670   80 1129  261 1104 1539  206 1171  709  736  521 1425  416  735  841 1337 1009 1343 1779 1351 1925 1013 1072 1435 1810  911 1855  886 1633 1835  777  756  373 1795  725  657 1599  427 1206 1004   79   33  461 1639 1423 1918  734 1947  614  925  196  678  856 1089 1866 1174   90 1081 1173  977  421  471 1499 1887 1696 1642 1003 1324 1795  749
 683 1356   69  906 1601  801 1950 1196 1035  302  887  170 1259  765 1530  476  377 1173  128 1947 1541 1421 1330 1741 1730 1792 1238 1300  935  545   74   97  651  897 1656  472 1130 1134  177 1018  120  833 1781 1284  817 1303 1057 1988   77 1791 1024 1827 1511  508 1733  484 1874 1540 1696  608 1897  813 1484 1939  295 1686 1455  121  383  717  496  156 1723  220 1306  304  888  162   88  419 1017  834   34  274 1905  735  365  289 1000  398  758 1308 1502  180 1022  767  433  139 1427  407 1195 1710 1645 1463 1297  895 1786  563 1081 1117  911 1624  689  691  260 1216 1876  709  297  967
1887  358   71 1477  159 1732 1108  176 1005    8 1848   52   66 1779   10 1471  846 1225 1766 1924 1336 1528 1086  995 1011 1942 1505 1567  838  688  660  105   20  614 1695  553 1897 1661 1666  228  922 1847 1858  370  719 1926 1735  219 1122  979  843  196  862 1057   86   49  751 1570  942 1201 1034  105 1188  258 1844 1491    8  605  519 1684 1140 1552 1393 1998 1813 1266  947 1221  266  433  462   30 1398 1918  978 1048 1933  120 1128 1419 1578  637 1301  753  231  504  601  140  129 1928 1432  138  389  835 1461  770  849  838 1988  579  622  846 1758 1623  465 1513 1093  198   51  457
 650  147 1087  983 1833  806  535 1946 1633  486  792  874 1209 1753  563 1637  452  121  983 1401 1560  825  595 1419  947 1269  273  236  648 1366  630  344 1857  603 1045 1048 1239  210 1141 1628 1392 1145 1968 1811 1332 1556 1220 1921  217 1163 1167  132 1844 1332 1383  130 1996 1594  396   11 1319 1222 1713   27 1718 1174 1084 1966  702  623 1145 1657 1626  155 1403 1822  481 1528  401   90  639  891  530 1881  162 1834  301 1512  978   50 1319 1158 1276  186  239 1746 1650   29 1309 1489 1423  630 1928 1857 1563  290 1727 1955 1319 1514  796  816 1919  101  858  602 1984 1464  999 1240
  73 1937 1285  112 1544  733 1775  164  636 1123 1846  617  621  190  324  158 1498 1531  709 1709 1343  178 1000 1598 1743 1009  405  308  102 1895 1884 1012  452  633  200  595 1951  103  948   59  192  856 1063 1581 1569 1412  111  667  338 1836 1481 1441  942  781  515   41  408  219 1340   36  678 1908 1982 1193  410  660 1364  580 1627  350  559 1113  350  836 1140  985 1269  504   37 1317 1319 1042 1985 1136  518 1899 1829  312 1344  751 1433 1709 1351 1571  402  467  915 1177  630  442 1838  295 1357  667  533  175 1839 1269  191  343 1207  407 1071  971  300  244 1973 1851  804 1487
 202 1675 1617  305 1110 1601  198 1545 1318 1580 1243  908 1773  866 1680  199 1215 1276  545  664  321 1566 1507  738 1954 1472  938 1565 1539  403 1639 1407 1666    5  798  840 1213 1293  554 1687  737 1043  658  375 1957  196  681  991  322 1845 1137 1915 1024 1734 1830  269  753 1007 1857 1094  973  684 1926  190 1630 1460 1048 1458  965  114  435 1226 1895  386 1644 1265 1889  106 1385  787 1809  537  479 1559 1932 1915 1466  190 1469 1426 1326  627  722 1477  133  109  155  230  319  770 1903  564  902 1465 1431  442  241 1640  806 1480 1680  100 1350  629 1667 1420  452 1045  508 1117
 823 1386 1718 1021 1243  858 1417 1709 1723 1404  683   55  978  271  262 1951 1476  204 1948  659 1573  972 1064  175  414  344  184  988  131  558  773 1862 1962  471  225  559  377  236  726  640  230  887  956  305 1740  747  503 1435  546  479  917  377 1050 1108 1474 1890 1883 1879   21  774  781 1828  167  608 1871 1499 1316 1611 1158 1162 1827 1722  214  512 1415  596 1584  831 1743  515  400  290  864  943  633 1552 1363 1557  502 1435 1539 1473 1415 1745 1413 1017  761  223 1016  283 1912 1481 1401  797 1253 1696 1183 1007 1156 1451  731  929 1303 1264  200  560 1100  726  589  338
1635  802 1496  209 1914   90 1555  291  270 1521  337 1713 1743 1093 1667  745 1806 1813  898 1215 1487 1016  590 1266  449 1799 1150  119  851  110 1845  786 1917 1066 1825 1859 1541 1218 1672  313  569  614 1286  223 1808  333 1361  933  143  495 1486 1195 1535  875 1424 1807 1686  965  421    8  853 1848  300  975 1345 1341 1052 1359  765 1939 1242  323  471 1824  554   67 1793  173  425  383 1833  932 1104 1344  609 1495 1484 1055 1881 1106 1214 1755 1318  135  114 1079 1667 1600 1004  547 1727 1873 1247  197 1515 1756  881   42 1728  423    5  430    8  692 1606  820 1351 1910  460 1488
  25  228 1587   97 1844  170  836 1199  939 1574 1912  898 1744 1973 1886   87 1074 1130  450  359 1915  464 1033   44  827  109  781 1250  648 1045  221  845 1160 1053 1435 1151  549  922 1523  803 1756    0 1664 1566  695 1466  964 1726   49 1480 1375  780  639  223  494 1506  518 1573 1726    6  177 1910 1135 1625 1526  933 1057 1631  209  903 1383  575 1479 1911  513  509  584  705 1173 1025  796 1007  753   40  729  384 1557  246 1759  361 1886 1002 1984 1370 1164 1363 1137 1610 1597  954  341  439 1685 1491 1801 1043 1188  129 1087 1224 1259  882 1653  471  649 1611  308 1987 1482 1172
1665  833  848 1216   50 1191 1197 1400  823 1195  238  436 1733 1134 1479  514   95  362 1496  355  750   82  130 1543  275   48  430 1891   73  443  888   81 1940 1325 1161 1946 1241 1005 1413  336  848 1220  637 1231 1671  474 1674 1055  742 1508 1911 1091  499 1412  984  736 1804 1460  920  932 1787 1341   48  813 1807  960 1308 1452  518 1427 1594 1777  121 1594  455  680 1384 1288  262 1093  440 1109  409 1416  552  423 1422   96  373 1449  432 1071  633  682  410 1827 1073 1375  917   41 1537 1395 1615 1903 1149 1577  476  799  541 1362 1786 1350  953  377 1908 1385  584  208  417  897
  89 1415 1048   79  329  993  504  818  583 1780 1179  942 1975 1502  488  353 1698   80 1090  135  670  195 1737 1917 1088  108 1829 1320  835 1799 1312  956  285 1037  419 1146  155 1788 1338 1198 1986  199 1063  952   78 1901 1508  439 1702 1135  519 1089 1293  715 1195  370 1830  138  102 1831  634 1155 1202   74 1798 1930 1341    0 1442 1279  435 1763  901 1830 1655 1780  443 1475  683 1273 1701  294 1784 1631  184 1344 1242   91 1013 1013 1950 1018 1632 1821 1550  888 1477 1286 1364  681 1187 1671  517 1346  856 1063 1437 1022 1525 1804  920  854 1771  565 1907 1164 1003 1814  423 1908
1874 1347  701  140  977  587 1571 1731 1628 1169  213 1579  526 1021  276 1982  703  699  453 1440  587  819 1348  848  113  351 1612 1701 1186 1424  213 1623  627 1469 1723 1226  650  210 1293 1419  947 1955  687 1003  830 1635 1045  129 1788  225  385  973  276 1810 1056 1932  197 1261  548 1045  396  660 1351 1685   88 1814   78 1667  204  264 1997 1548 1929 1437 1148  202 1278  454 1347  892  149 1262 1132 1164 1448  701 1037  502  451  915 1115  814 1407  137   27  172  808  281 1290 1262   33  837 1275 1841  316 1723 1501 1690   53 1882 1193  796 1996 1229 1571  788 1982  955  971  981
1995 1800  574  360 1944 1611  456 1132  733 1314  702  568 1295 1051  161  524   35 1249  528  951  395  754  774  791   85  721 1929 1614  206  197 1601  301  502  634  402 1843  315 1304 1633 1842 1796  770 1392  109   57 1959 1908 1607  120 1103  206  428 1779 1329 1221 1040  866  616  825 1281 1923 1437 1835 1666 1948 1757 1906 1896 1555  487 1063 1558  219 1263 1949 1056  808  370 1124 1619 1383 1607  810  393  775  941 1005 1810 1196 1720 1608  557  768  571 1780  784  160 1358 1863 1557  460  593  693  319  748 1135 1261 1290 1108 1521  117  345  759  655 1723  363 1601  855  591  738
 816  309 1803 1062  173 1693  195 1933  415 1889  688 1100 1012   57  581  533  386  599 1054 1873   99  353  658 1041 1816 1644 1799  269 1886 1326 1726 1859  784 1780  212  904 1854 1852 1760 1030 1372  446 1296  847 1540  958  363  241  863  133  894 1793  323  653 1730 1957  657  472  362 1992  735  634   80 1966  695 1210 1984  921   98  516 1597 1075  941  921 1765  394   46  101  512  624 1646  832  172 1971  328 1686   42  449   64 1336  115  795 1413 1617  519 1355  619  339 1713  194 1955  165 1834  128   72 1539  105 1017 1234  847  623  817 1746  582 1111  982 1474 1757  648 1915
1568  586 1908 1296 1889 1663 1333 1193 1641  318  205 1687 1190 1475 1347 1127 1703 1719 1105  538 1593  834 1629  426  667  722 1608  590 1016 1451  867  898 1733  682  137  322  798 1824 1041 1767  403  569 1813  727  260 1364   49 1941  650  339 1073 1529 1049 1035  655  973  818 1045  112  825 1250  695  107  923  155  922  440  852   81 1839 1351 1473  669 1759  372  636  494  905 1824 1449  797 1545  309   36  290  536 1776  393 1567  651 1802  605  373 1617 1417 1887  806 1196 1551   31 1941 1817  116  231 1017 1782 1672 1764  169  941  251  925 1182  211  586 1668 1878  630  159 1625
1270 1933 1425 1491 1900 1065 1234  575 1128 1608  296 1132   50 1505 1162 1065  970  369 1316  730 1172  471  404  525 1278   36 1347 1423  310  955  176 1156 1331  974  900 1506 1417  318 1615 1154  346  615  528 1147 1604  733 1772  577 1627  705  554 1428  738  231  305  172 2000 1186   45 1348 1215 1864  641 1249 1787 1292 1340 1011  160 1390 1339 1795 1192 1203  759   92 1855  536 1880  328 1375  350   99  279 1908 1093 1535 1577 1423 1729 1271  832 1053 1491 1934  161 1771  706 1903 1243  421  501  729  813 1497  901  551 1754  572  516 1493  133  347  125 1475  683  430 1464  155  848
1776  950 1135  900 1111 1056 1901  427 1656 1555  414  305 1908   19  556 1110 1445 1327 1238 1031 1613 1131  548 1972 1861  548  740 1677  236 1505  791 1902  274  871 1037 1753 1279  172  243 1284  241 1233 1552 1432 1496   99  286  123 1401  281 1105  945 1754  715 1303  577 1865  744  898   23   75  611   63 1022   62  624 1536  276  447 1320   51 1334 1126  248 1962 1947 1744 1925  456  219 1221  385 1439 1307 1969 1979 1089 1259 1765 1284  762   76 1535  469  692 1100  388  661  720  524  711 1078 1415  191 1417  960  459   90 1426  390 1684   24  188  365  542 1091  673 1889 1136  600
 957 1442 1311  202  614  193 1996  640 1340    3   99  721  759 1284  235 1991  219  361 1143  743 1716 1304 1154 1993  837  803  916  228 1483 1364 1206 1528 1856 1699  921  732 1992 1814  848  514  655 1784  808 1413  745  497 1321  717  350  948 1523 1503 1322 1807  342 1380  367 1825 1698 1191 1286 1127 1495 1434 1307  272  346   69 1865 1071  865  704  302 1604  613  404 1559 1552   29  183  222 1976  531  731  387  175  533  766  217  231   86  522  820 1439  849  420  459 1801  481 1973 1892 1434 1278  479 1700  741  406  368  833  412  828 1054 1346  692 1395  573  200  443  106 1306
 327  272 1377 1989  808 1494 1039  358 1841 1122   35 1958  468  581   53  781 1139 1067 1471  923  679  807  212  693 1775  687  110  419  520 1381  175 1578 1809  466 1551  791 1183  726  397   54  239 1451  742  113 1644 1084  553 1005  169 1237 1498 1455 1074  622  811   90 1431 1853   95  746 1242  703  856  783  614  571 1522 1194  500  886   42  557 1060  415 1068 1074  303  877  548 1386  657 1707  220 1686 1842 1168  681 1949  423  764 1291  437  395 1104  786  798  721  811  785 1043 1784 1211 1395  500  142 1449  101   36   45 1260  932  683 1559 1633  641  683  212  242  682 1094
1849 1398 1074 1825  175  232  666  218 1137 1317 1190  742 1275  764 1038 1043  248  517 1022  830 1566 1558 1175 1179  942  103 1432 1736 1587  130  679  222  507 1160 1797  311 1539 1718 1973 1968 1353 1256 1465 1974  526  356 1007  608  670  804   62  385  539  147  429  491 1211  800 1115  344  695 1605  404  458 1270  394 1293 1611  816 1479  945 1978 1239 1962 1826 1983  970  316 1975 1492 1038  659  671  810  606 1901 1164  849 1697  331 1794 1615 1109  764  940 1451  974  750 1158  178 1668  186 1016 1951  460  993  386  604 1392 1863 1973  792 1348 1725  824 1026  964  492 1919  511
 174  153  357 1397 1107  487  515 1109 1970 1816 1792  721  396  861 1354  357 1390  614  572  299  482  269  278 1647  815  107  834 1362 1799 1637 1923 1522 1928  765  330  288   67 1878  681  248  134  932 1568 1861 1427  558  100  197 1091  770 1272 1831 1739 1792 1126 1564 1464  890   18 1060 1444 1696  439 1036  928 1891 1300 1292 1947 1016 1467  583  514  443  987  269 1499 1066 1141  241  724  447  641  667  442 1302 1990 1457 1109  140 1817  229 1433  516  460 1283 1938  201  422  420  188  886 1133  995 1626 1232 1681  670  460  709  814  210 1006 1768 1597 1327  168 1788 1703  200
1178 1593  126   52  839  102  428 1212  375 1882 1661 1423  985 1996  150  373  412   36  698  815   16 1478  140 1179  191 1168 1993 1551 1896 1051  778 1252 1500 1808  176  329  813   37 1808 1324 1749  500  168   21   26 1256  529  362 1201 1314 1262  619 1538  722  747  217    4  384 1642  362 1719 1322  974 1191  611 1375  278 1688 1257    2 1496 1111 1607  710 1675  506 1828 1550  731 1298  729 1386  964  730  497  240  349  285 1923  582  225  780 1525 1341  515  676 1361 1604 1605 1952 1279 1300  227  451   71  748  291 1450 1281 1280  873  545 1747 1785  101  501 1714  977  965 1089
 331 1882  587  753 1077 1959 1523 1252   97  985 1633  462  616 1652  645  895 1796 1405 1592 1182 1327  692 1880  261  184 1458  750   20  312  491 1932  354 1178  370  108 1981  333 1284 1771  934 1123 1626 1114  705  834 1135  484 1626   49 1412  853 1791 1211 1334  578 1905  756 1935 1985 1770 1801 1094 1215 1241 1412 1553 1038  379 1510  539 1630 1799  785 1937  394 1379  269  567  575  661 1343 1881 1245 1383  226 1471 1734 1792 1020 1143   82 1451  101  653 1086  356   87 1851 1895 1061 1991 1781 1931 1354  875   51 1379  963  709  372 1898 1374  244  854  125 1472 1144 1066 1234  989
 554  466  847 1134 1645  272  867 1934 1834  818 1828 1702 1790 1694 1112 1854  700 1558  233 1291 1431  404  495  965 1310 1429  105  846 1723 1135 1306  160   45 1416  842  756  394 1595  980 1660  787 1219 1040  989 1059 1609 1708 1086 1622 1936   15 1736 1212 1770  790  649 1993 1804 1343  520  809 1685 1446  209  800 1891  722  849 1793 1627  437 1053 1196 1453  383 1592    0  470 1682 1790  197 1893 1309  489 1181 1773  374  798 1746  663 1812  877  969  137  850  526  390  441  271 1804 1196   84 1707  668 1148   92 1698 1566  648  530  719  997  230 1698 1527  182  979 1997 1381   78
1445  862 1818  994  512  514 1927  687  114  156  834 1866 1702  275  772 1238 1669  490  567  170 1577 1866  558 1309 1469 1890 1003 1094 1458 1957 1764  193  638 1858   91 1929 1182 1426  235 1234 1221 1783  152 1101   18  116 1751  419  805 1264 1449  466 1654  967  578  261  848 1208 1119 1853  248  520 1739 1597  153 1443 1303  569  226 1803 1462  923  231  426 1267 1143 1870 1783 1821  695 1982 1766 1372 1306  133 1794 1666  884 1789 1368  860 1967 1259  542 1862 1388 1593 1159 1943 1831  858 1109  419  302  736  966 1678 1721 1297 1644  153  943  872 1427  411  382  432  306 1475  311
1490  295 1165  350  898 1761 1781  581  317 1230 1642 1226  592 1227 1442  119 1860  210 1691 1045  250  487  927   18  380  208  628 1687 1243 1152 1098 1127    7  579 1641 1912  835 1277 1981  158 1101  539 1594 1350  393   48 1146 1453  775  297  973 1197  128  473  493  593 1021  624 1857  623  428  808 1343 1203  679   83 1514  209  944  652  334  194  147 1819  560  213  154 1948 1651 1387 1928 1636  715  592 1472 1442  416  745  843 1317 1531  550   72 1642  658  211 1540  583  722   40  532  863  470  158 1960  518  220 1450 1106 1205  665 1199 1613  217 1069 1924 1855 1863 1165  768
1411 1296  746 1321 1761  494 1065 1855 1019  646  915 1357  554  199 1072 1850  973 1868  491 1035 1609 1356  630 1537 1242  664  179 1430 1419 1702 1459 1937  104 1131 1069  175   11  548  149 1402 1507   52  816 1298  939  723 1527 1584  660 1359  708  391 1481  579 1648 1473 1469 1398  792 1757 1766  623  952 1785  749  551 1165 1323 1211 1364  244  534  344  518  542  592  837 1721 1060  396  967 1824  939  352  649 1107  999  369 1925 1371 1888   99  795  560  591 1156  287 1233   76 1489  403 1143 1302 1424 1260 1177 1071  506  443 1470 1860  627 1250 1401 1347 1945  824 1701 1327 1491
1228  645 1930 1093 1595  902  910 1112  402 1300 1474 1888   11 1856 1814 1959 1433  682  126 1700 1034  525 1485 1258  382  126 1770 1667 1288 1124 1222 1965 1225   69 1170  297 1666   88 1348  393 1204 1845  707 1134 1133  649  811 1347 1237  988 1766  265  526  341 1034 1819 1086 1162  141  723 1430  724  726 1281  229  670  967   55  763  178  709  436 1127 1666  204 1235  868   39  306 1457 1644 1799 1094 1962 1267  119  848 1851 1583 1929  830 1705  784 1657 1879  513  377  434 1035 1860  844 1068 1181 1314 1171 1845 1960 1013   23 1296 1501  420 1015  599  535  375 1944 1798 1113   38
 637  226 1022 1538  516 1818 1563  896 1114 1427  769 1966  296  704 1609  922  972  472 1082  533 1424 1834  612 1271 1830   49 1686  312 1358 1202 1325  973 1880  573 1180  883 1028  869  267 1575   52 1520 1868 1946  339 1995 1077 1290  874 1721 1170 1235 1729  412 1699 1398  708 1111 1972  927 1941  133 1751 1094 1405  149  967 1562  812  822 1831   64  988 1250  560  498  218  669 1412 1764 1535  869 1005  999  312 1465 1687 1162  178 1942 1633  910  699 1499 1302 1877 1413  650 1531  669  830  584 1879 1196 1032  682 1517  742 1214 1576  443  881 1416  497  762 1471 1884 1392  399   13
 882  999 1335  834  861  831 1933 1155  256 1131 1357  386 1996 1730 1098 1124  137 1561  541 1129   34 1918  910 1930  850 1197  459 1021  867  784  682 1345  861 1121  168 1007 1273  997 1966 1285  703 1608 1121 1666  806 1018 1117  480   75 1582  951 1758  919  985   66  939  536  941  826 1344 1472   76  511  299 1174 1917  355  850 1499  156  616 1671 1118  636  584  410 1129 1414  852 1141 1032 1104 1705 1468  454  218 1097   66  181 1932  350 1243  219  900 1808 1612  141  796  270  443 1506 1691  368  601 1174 1012 1701  163 1377  178 1486  564  840 1161 1431 1236 1369  169 1569 1753
1313  537  948   13 1309 1165 1489  258 1035 1843   93  105 1529 1225 1864 1444 1851 1746   52 1047 1210  351 1687  477 1678   17 1443  728  345 1858  225 1558  101 1936 1251 1614  916  952 1674  982  598  756 1649  560  941 1229  244  916 1871 1580 1377  575 1235 1931  358 1863  989 1772 1258 1298  229  225 1261 1525 1827 1618  829  364  533 1907 1110 1924  446 1291 1305  988  466 1098  573 1265  945 1331 1013  851  395 1905  697 1988 1607  259 1202  614 1676    2  643 1055 1759  506  667 1635 1861 1018  972  235  726 1758 1458  273  920 1066  300 1266 1970   50 1597  214 1710 1274    2  360
1939 1612 1258  523 1484 1541  259 1042 1962  512  417  518 1591 1342 1395  148  259  877 1569 1829 1733 1411 1548  724 1871   28   72 1701 1742 1336 1969   69  961  628 1087 1839  420 1553 1134 1661  491  882 1329   55  854 1398 1200 1281 1853  468  111 1740 1504   93  653 1764 1319  126 1432  950 1090 1285 1952  321  366 1832 1301 1950  701 1458  954  101  842 1403 1756  941  251 1325 1588 1617  736  135 1270 1085  120 1089  529  472  520 1665  316  406  909 1915 1912 1519 1043 1551  268  350  893 1404 1495  822  635 1739 1393 1392  206 1752 1004 1663  758  348 1495 1775  532  663  219  975
1903  415  615 1752 1748 1072 1722  618 1586 1898 1007 1212  291  220  776 1327  840 1045  248  635 1732 1085 1981 1017    1  242 1849 1143  443  261 1955 1265 1082 1418  142 1616 1328   20  811 1309 1929  597  850  843  724  433 1121  133 1146 1527 1365 1976 1351 1414  553 1058  182 1265  735 1433 2000 1999  353  975 1113   70   97  867  947  272  674  393  590  737 1698  509 1633  521 1603 1966  146  171   97  737 1647  992 1794   65 1640  607 1016 1018   74  233 1011 1489 1918 1919  822 1422 1918 1623  689 1106  270   36  769 1367 1891 1683 1855 1755 1422  779  548   29 1864 1381  703 1663
 866  271 1784  638  798 1668 1240  149 1077 1131  660 1978  561 1983  189  192 1471  751 1740  798 1890 1303 1852 1975 1641 1656 1701  472  138  809   81 1182  220  653  241 1784  763 1466  508  113  613 1239  489 1609 1132 1112 1398 1227  384 1821  652 1516  289 1583  757 1615  750  961 1985  485  154  386  143  924 1065 1070 1563  629 1408 1869 1551  906  298  722  581  163  612  324 1496 1689 1111 1781  500   55  450 1861  628 1591  332 1091 1528 1943 1295 1972 1418 1073  279 1352 1259  548   67 1083  429 1060  208  931  182 1585 1944   29  837  379  119  196  388  970  381   25 1098   78
 817 1792 1394 1527  948  431 1551  876 1838 1150  900  550 1663 1402  540 1635 1044 1445  355  605  548  309 1402 1081 1645  500 1739 1775   57  734  957 1200  423 1213 1891 1058  188  728  224  579   60 1944 1680  150   50 1121  963 1139 1782 1867 1429   12 1388  172 1626  459 1301 1224 1444 1959  696 1381  478  924 1634 1670  471 1675  290  977  525  624 1403 1818 1132 1882  651 1264 1264  674  940  557 1952 1064 1635   63 1385 1181  634 1610 1842 1447  721 1305  197  216 1495 1229  318 1105 1901 1457  337 1824 1433  859  987 1660  999 1150  155  493   88 1552   85 1380 1255 1001  129  369
 452   94  914   27 1681 1191 1328  689 1778  506 1423  357  555 1501  711  453  476  216 1205 1540  562  293 1687   66 1538 1103 1524  197 1475 1019  271 1891  771 1448 1755  744  957  419 1198  266  896  622 1192  440  632  744 1463 1132  428 1342 1180 1560 1205 1618  692  859 1648  513 1269 1345  188  372  394 1769  487 1465 1902 1661 1638  289  131 1156  538 1779  855 1137 1500  726 1866 1056 1350   15 1615 1325 1974  594 1405 1747  408 1438 1191 1632  574  815   16  338 1722 1298   53 1453  118 1061 1194  838  864 1940  547 1075 1911 1494  975 1696 1335  529 1598  452 1074 1816  480 1656
 570  292 1528   14 1515  191 1266  291   15  202 1480  465  961  621 1126  843 1854  867   73 1524 1390  277 1818  752 1789   96 1798 1771 1709  212 1034 1473 1410 1992   96 1658 1381  971  186 1001  211 1659 1842   77 1028  841  244  214  892  453  488 1745  441  243 1366  456  545 1015 1829  103 1618  311  351  332 1558 1283 1918 1036  525 1886  599 1068  436 1891 1893 1146 1970  792 1487 1739  328 1582 1698 1116 1125  678  129 1423 1259 1745  922  760 1969  445 1905  792 1456 1605  153  717 1116 1444 1758 1775 1992  133  775  821  158 1634 1356   13  493 1265 1380 1284 1619  853    5  125
1511  490 1635  696  884 1564  877 1333  194  117  550  791   13 1741  134  197 1790  122 1077  166  751  511 1194 1388  893  690  354  636  316  799 1670  230  988 1769  347 1071 1718 1549 1607 1059 1619 1280 1791  452 1936  276  218 1079 1154  368  708 1462 1150  540 1869  273  139 1492  800 1362 1772  217  697 1348 1730  710 1340 1238 1288 1518 1287  123 1902  878 1728 1125   44 1533 1182  270  875  560  565 1220 1228 1150 1924 1848 1801  697 2000  561 1964 1015  735  118 1304 1739 1353  645  374 1421 1832  997 1049 1646 1058  843  915  556  462  132 1473  201 1544 1615 1997  278  413 1037
 423  101  492  592   90  570 1298 1077 1894 1822  184 1323 1331 1857 1189  943  493    3 1172 1467 1553 1147  617  365 1167   35 1229  273  660  668 1260 1871 1152 1897  848  855  641  825  132 1265  404  544  223  616  623 1594  621  432  108 1317   59  679 1707 1428 1840 1797   12  285 1236 1890 1004 1242 1841  209 1737  718  759 1797  114 1064  783   98  517 1574  915  135 1931 1925  106  539  373  339  361  763 1278 1319  804  585  785 1227  793  280  303  314 1555  553 1579  499  863 1076  436  802 1988 1151  208  159  490 1821  473  135  663  773 1287  630 1874 1838  761 1339 1327 1963
  28 1433 1611  134 1745  190  508  610  405  755 1659 1319  371  424  681  350   75 1203 1660  675 1381  990  769 1931 1708  755  227  822  479 1574  311 1004 1291  258 1786 1472 1703 1766 1953 1090  274  542  417 1048  464 1553  199 1730  570 1985 1023  603  142  771 1308 1982  621 1233 1470 1588 1191 1905 1539  767   41 1858  128 1627 1549 1168 1772   78 1040  848  438  757 1975  829  590  557 1624 1383   99 1698 1102  653 1410 1429   38 1271   48 1426  997    5  480 1763  877  518 1078  690  592 1886   45 1431 1197  504  318 1911   47  395 1169  243 1931 1139 1333  735 1384  115  949 1014
  20 1479 1042 1626  926  649  609  525  888 1064 1108 1086 1073 1162 1052 1094  810  704  446  239 1947 1921  651 1592  193  270 1593 1287 1272 1314 1669 1413  948 1781 1094 1818 1353 1470  829 1632 1278 1750  567  227  379 1579  859 1864  148  815  530  633  508 1198  716  963  745 1949 1720  906  337 1780 1425  902 1675  154  191 1175  204 1217 1141  828  558 1827  142  193 1305 1862 1636  907 1701 1445   60 1893  599  610 1682 1266 1065 1932  963 1808  196  122 1420 1279  376  866  715  933  251 1867  744 1423  678 1178 1897 1054  320 1725  371  123 1499 1436 1457  363 1136  469  593 1823
 421 1069 1008  880  850 1102  322  291 1549 1420 1315 1102  186  198  681   86  202  421 1241  280 1523 1933 1792  662 1949 1813  708 1928  482 1361 1748 1962  877 1528   11 1860 1100  547 1579 1160   27 1727  242 1813 1498 1302 1242  748 1532 1372  305  821 1080 1782  958   66 1401  528 1785  571  529  500  261 1442 1605 1884  689 1566 1736 1864 1016 1106 1719  533 1554  552 1073 1117 1563 1517  149 1701 1189  761 1553  819 1890 1759  826 1296  954 1298  386  200  742 1730  805 1487  440 1361  332 1548 1553 1825 1427  538 1432 1533  317  345  779 1000 1701 1929 1939 1222 1394 1890  233  893
 586  752  768 1450  260 1978  421  335 1425 1376 1501 1143  102 1405  815 1494 1350  619  913    5 1978   13 1805 1050 1680 1971 1024 1406  193 1252  195 1042  580   14 1606  381 1414  635 1221  103  954 1169 1573 1101  722 1168  412  500 1548  441  948  586  769  840 1728 1027  896  512 1693 1786 1457   21  425  396  477 1322 1922  283 1224  671 1508 1775 1212  914 1427 1481   60  546 1023  910  196  417 1352  966 1215 1604 1273 1270 1933 1025 1030 1006 1465    1  960 1146 1572 1261 1754 1405  434  690 1246  806  920 1359 1372 1153 1514 1771  743  962  834   69  279 1820  631 1948  147 1014
1118 1169 1686 1172 1727  798 1673 1350  334  948  827 1298 1803 1846 1368 1345  432 1173 1533 1340 1438 1113 1126   71 1432  998  609  817 1192  748 1689 1397 1528 1189  299 1481 1105  741 1030 1459 1074  627 1690  200 1644  574  781  413 1920 1036 1457  664   36  388 1565  870  649  264 1883 1910 1535  593  382 1397 1605 1739 1405  847 1041  652  284  969 1303 1531 1678  483 1479 1386  447  511 1839 1766  298 1317  929 1453   37  940 1647 1910 1479  128 1093  602  382 1912  994  535  305 1216  799  432 1903 1844  873  788 1254  503   42   19  909  851  476  832 1860  762 1268 1076  186  652
1423 1977 1751 1898  550  713 1123 1846 1433 1284  407 1721  613 1469  833 1533 1194 1667  695  965  238 1587 1627 1210  598  378 1002   16  274  543 1285 1633 1695 1846  378 1955 1253 1526  846  956  707 1597 1167  655 1655 1517 1252  500  304  193  448  702 1424 1229 1447 1858 1934  333 1214  126 1514 1118 1455  713  316 1090 1001 1211  941 1185   53  971 1395  630 1695 1369  220 1899  232   34  398 1068  262 1064 1291 1810  169 1227 1142  177 1139   47 1941  626 1717  195  394 1859  358    4  387 1159  870  442 1169  837  220 1155 1217  623  161 1088 1309  590   41   24  322 1441 1712  528
 964   59  564  450   55 1288 1663 1755 1719 1100  848 1992  435  649  799  619  267 1172  708 1393  103   55 1904 1205  889 1519   44 1401 1259 1300  421  512  798 1401  814 1084 1865 1269  112 1012   42 1508  834 1834  775 1373    1  415 1397  992  886 1120 1044  694 1271  157 1253   59  280  971  703 1276 1712  304 1106 1854 1623 1510 1348 1420  885 1601  699  553 1989 1493  996 1140  285   70    2 1398 1914   66  333 1142  422  176  842 1958 1735  148  235 1221 1903  489  738   58  144  414 1567  869 1708  775 1984  928  580 1533 1251 1143  208 1941  535 1649  261  786 1376  483  532 1118
1862   10  280 1696  587 1537  822 1387  470 1460 1421 1626  886 1705   39  873  832   82 1982  346  624  121 1299 1855  105 1946 1091 1384 1076  464 1485  781 1667  231  907 1006 1360 1187  992 1655 1399 1857 1724  967 1919 1401 1899 1517  205 1086 1613 1135  930 1241 1531  184  800  810 1908  168 1926 1731  573 1452  737  295 1581  776  745 1882 1742 1057 1228  459 1289  178  143 1388  601  754 1942  511  942  850 1689 1518  986 1044 1195  806  235   22  736 1733 1778  945 1412 1943  742  105 1576  121  716 1104  147 1701 1631  467  259  914 1741  428 1839  589 1793 1489  685  192 1932  996
1646   78  900  116 1364  154  825  257  392  268 1186  526  469 1163 1136 1689 1567  182  259  192  617 1330 1634 1454  531   92 1656 1370  686  229  318  607  866 1177 1530 1302  638 1644 1622  662 1691 1548 1800 1985  682 1422  962  270   59  643 1946  320  348 1807 1600  344  627 1254   76 1672 1917  417  870  844  866  379 1441  933  739  414  119  515  623 1589  193  596  858 1716  470 1477  507  317 2000  934 1435 1698 1964 1816 1325 1290 1730 1620    8  767  822 1419   49   90   58  144  715 1557  294  905 1183  437 1602 1702 1610  243 1946 1285 1315 1207 1136 1416  180 1860 1991   41
 270  208 1842 1936 1604  484 1820 1955 1209  200 1495 1206  104  878 1455  926 1817 1730  802 1778 1776 1287 1937 1976  676 1439  998  497  485  102  189  879  160  784 1990 1689 1872  266  304  713  588 1925  337 1043  916 1008  986  247  110   66  979  137  617  989 1506  683   62  956 1158 1461  634 1431  716 1400 1863 1882 1007  991 1992 1882  891  501  500  326 1158 1138 1551 1083 1593  510 1045  743 1941 1577  658 1507 1106  899 1540  860  286   77 1856 1836 1786  730 1430  822  991 1340 1376  646  586  793 1617 1121  673  519  943  623  888 1648  999  181 1279  824 1238 1260 1428  735
  86  549  353 1192   96 1437  524 1573 1452 1567  651  104 1670 1474  702   71 1227 1784  622  719  356  853  871 1514 1111  332 1577  371 1307  164  308  401  829  589  934 1378  379 1794 1169 1365 1203 1007 1970 1118 1498 1354  833 1617 1868  937 1621  544  571  718  863 1093 1927   89  281 1730  648 1794 1536 1109  631  343 1740  297  900 1279  957  558   98  490 1859  626 1828 1094 1605 1647  312   51 1461 1810  669  396  517 1943 1666 1823  500 1404   32  830  842 1261  148 1672  764  117 1439  813  678 1660  324  621 1827 1091 1217  630 1011  975 1570  994  668  433 1094  623  248 1450
 789  769  544 1453  193  432   98   83 1159  264 1985  426  339 1286  236 1139 1380 1498 1702 1704 1081 1548  635 1993 1936  292  718  850  777 1903 1648  504  432 1075  228  205 1443 1689  317 1370 1721  262 1287 1444  963 1466  830 1322  453   21  712 1768  689  932 1628 1867 1379  905 1332  901  838 1451   58  265 1864  788 1545  867  474  359 1552  144 1141  189  691 1309  787  460   69 1507  195  314  183 1246 1243  826  239  912  728  937  923  422 1561  559  306  394  541  737   16 1535 1775  876 1808 1216  911  636 1093  566  212 1247  507  894  865  413  648  359   32 1767 1554  201
1575  426 1197  232   56  195 1806  304 1488   34  476 1080 1904  538 1159 1649 1765   22 1307 1202  148 1911 1057 1274  617 1346 1125 1220 1198  299 1877 1225  212 1907  528 1691 1120  533   42 1370  635  764 1887 1354  266 1203  760  354 1889 1281 1050 1925 1941  557  760 1256 1184 1704  194 1754 1840  264 1781  792  689  446  423  156  408 1902 1095  868 1652  592 1004  299 1755  709  388  499  193 1313  225  427 1138    0  986 1261  404 1156  152 1005  314  265 1237  751  489 1490 1891 1253 1577 1006  637   60  701  811 1298  800 1703  975 1739  421 1017  507 1117 1545  403 1001 1921  305
 650  642 1047 1602  657 1961 1900 1202 1904  813 1708 1750 1230 1012 1282 1872  308  826  189 1438 1479  149  356 1088 1048  409  845 1895 1746 1442   38  539 1423 1822  511  769 1477 1699  557 1878 1625   92 1234 1011 1181 1346 1738  937 1011 1066  355  335   11  269  337  394 1474  688  489 1740 1762  525 1884 1180 1156  616   73  541 1477  340  109  786  604 1166  908 1843  794  217  650 1935  700  262  129  766  737 1513  493  454 1761  483  829 1018  621  572  362 1056  657  742 1029   22  878 1457  774 1309  384 1145  111 1327 1182 1652   83  922 1598 1307  314 1976  756 1802 1230  250
1633 1166  372 1153  935 1309  287 1795 1590  612  872 1543 1400  229 1239 1556    3 1168  256  591  312  969 1842 1885 1095  387  439  182  524  776 1207 1502 1111 1171 1420  729 1278 1204  642 1748 1169  907 1470 1466  137 1482  779 1895   18 1135  631  842  365  100 1739 1709  139 1990  468  457  230  975  812  717 1471  947 1569  214 1903 1064  511   25 1840 1478  313 1904 1477 1464  703  175    2 1032  936  962 1270 1561  772 1886  268 1580  200 1509 1183 1268 1974  637 1229   31  905 1765  876 1706  691 1736 1989 1173  278  651 1780 1989  247  230  977 1773 1534  651 1580   18  478  976
1687 1304  283 1096  469 1612 1172 1359   42  482 1559 1460  914  821 1262  291  428 1244  912 1051  443  541 1355  333  970 1424 1569 1054  412 1536 1637 1303 1392  259  199 1614  572  243  944 1624  712  467  216 1460  804 1373  269  199  648  100 1442  373   88    2 1314 1397 1388 1959 1787  501  613 1075   22  417 1254  865 1698 1860 1953 1366 1534 1012 1851  585 1360  240  290  564 1087 1963 1159  852  496 1199  800 1915  178  192  886 1249 1167  358  221 1607  922  449 1033 1720  834 1393 1861 1399 1850  703  539  595 1164  129 1097 1193 1845  181 1155 1693  741 1640 1274 1144  232 1606
 210  230 1767 1188 1502 1641 1134  233 1271 1494  999  670  916 1419  217  182  855  167 1254  734 1732  204  639  503  159 1928 1125 1168  625  711  143 1632  365 1680 1136  279 1006  175  711 1239 1264 1928 1110  244 1222 1599  860  842  539  496  930  405  837   27  471 1583 1420    3  595  203 1851  947  803  671  543 1116  612 1530  340  933 1558 1471 1649  892 1362  113  670  922  177 1627  429 1804  317 1085 1290 1198  309 1115 1742  911  602  273 1197 1087  609 1961  675   61 1707  258 1365  750  431 1491   10  561 1688  740  443 1050  402  685  511 1668 1572 1541  333  661  909  101
1052  734 1514  909  182  557 1314 1375  676 1345 1284 1108 1415   71  144  588   94  978  325 1951  750 1455 1173 1933 1899  594 1202 1648 1582 1490  267  727  235 1687  730  809 1633  523   77  146  708 1969 1063  833 1376 1353 1246 1055  219  341  922 1654 1688 1255  265 1600 1364 1877  918  226  288 1307 1968  651  151 1934 1692  603  499  402  339 1820 1515  351 1553  707  204 1657 1942  924 1932 1265  447  846  380  187 1152  456 1359 1095 1003 1911 1723  729  230  356  515  412 1350  908 1031  554  886   83  116 1376  700  412 1939 1772  394  138  295  586  888  534 1373 1497  290  770
1810 1889  435   83 1747 1881  916 1909  231  996  871  300   32  687 1587  180  937 1260 1794  888  813  469  989  240 1022 1556 1426 1129 1945  282  560 1963 1797 1815 1445  733  978 1564  876  147 1681 1731  318 1847 1079   77  684  356 1968  770  833  902  736  143 1265  537 1930  224  973 1594 1859 1523 1957  666 1743 1295 1295  973 1498  408  132  180   30 1943 1801  889   91  708  508  998 1579 1484  807 1614  582 1344  454  879  152 1263  673 1506 1724 1485 1208 1772 1238  154 1011 1094  210  312 1251  907  280 1199 1705  248  883 1727 1248 1516 1966 1452 1600  935  652 1879  282  262
1392  533  998  158  670  624 1386 1882 1369  449 1560 1092  339  448 1327 1743 1923  623 1863 1440 1266 1410  139 1421 1415  619 1174 1057  383  605 1914 1918  291 1495  798 1596  966  743  362  171  276 1163  727 1325 1170  756 1150  669 1503  608 1422  366  752 1425  956  259  729 1938 1305  796   66 1029 1116  676 1118   70  474 1885 1165  686  921 1207    9  115  450  580 1179  549  800  274   46  770  767   23  708 1157  338 1102  857  183 1052 1118 1546 1019  984 1079  212  937 1874 1997 1403  642 1018 1322  158 1435  229  226 1698  670 1305 1984 1640  192 1646  245  891 1408  454  812
1698  634  368  792 1168 1562   20  148 1362 1706 1721   69 1083  141 1711 1572  831 1522 1560  185  450  128  213  569 1950 1933  203  483 1189 1886 1202  965 1595 1567  317  572  210  788 1667 1872 1285  372 1307 1996 1548 1141  802  865  814 1538  368 1787 1528  187  239 1513  535 1103  772  947  244  715  509  607 1778 1295  980  529 1535 1446 1504 1993   35  165 1032  321 1896  719 1528 1241  538  651 1528  822  689 1690  880 1796 1613 1659   57 1804  395  316  341 1924  827  857 1835 1100 1408 1524  249 1733 1360 1590  329 1934  297  532  774 1958 1926  994  847 1540  232 1273  784 1471
1123  683  879  283 1840 1684  697  581 1933 1057  496 1946 1147 1742 1052 1265  130  622 1401  962 1464  811  390 1264  173  595 1547 1075 1567 1570  277 1949  350 1602 1153   69  421  363  200  926 1773   58 1278  234 1121 1823  120 1772 1291 1589  798 1804  335 1565  454  269  830  977 1338 1952  716 1840 1632  182  297  629 1688 1263  640  183  110 1412  820  483  600 1063 1976  482 1038  386  684  305  674 1084  652   70 1985 1216 1187 1556 1368  945 1567 1849  901 1815 1268 1375  146 1407   97  613  561  650  650  116 1183 1637 1511  911  208  484  887 1480  644   42 1118  797 1020 1695
 138 1250 1294  738  482  829 1529  214 1570 1398   91 1740 1077  463 1654 1742 1239 1967 1123 1674 1332  764  626  525  445 1934  998 1934  942  224 1615 1796 1990  620 1999  802 1156 1507  287  776 1509 1266  832   84  538  761 1304 1000  140   29  214 1455 1112 1490 1489   18 1199 1092  689  132 1062  871 1020  282 1096  312 1461  453  618 1349 1148 1229  426 1830  210 1279  786 1851  466  189 1810  650 1130  690 1851   86  575 1113  575 1468  269  203  898 1727  421 1344  131   68  721 1409 1281  109  757 1907  857 1678  475 1264 1887  521 1561 1406 1410 1231 1492  763 1096 1274  907  109
 427 1507  990  691 1492 1140   30  610  414 1934 1219  220  733  622  210 1130   21 1875  171 1005 1539   71 1568  765 1077 1333  856 1690  770  864  703 1050  781  186 1125  933  339 1974  958 1221 1337  295 1538 1538 2000  369  950 1937 1793  593  438 1972  358 1513  593  639  572 1806  332  887  225  710 1351  938  455 1629 1428  777  748  193  857  275  611  998  239  954 1505 1566 1973 1320 1132 1225 1510 1978  602 1068 1966 1579 1156  631 1010  782  470 1450  178  578  413 1932 1753  227  696 1632  780 1949 1542 1152 1477  623 1185   22 1581 1910 1679  766  398 1333  865  107  658 1341
1957  217 1915 1810 1897  250 1490 1269  264 1854  418  299  717 1573 1672   34 1819 1278  529 1036 1210 1593 1078  478 1566 1654 1727 1226  739 1391 1940 1453  731   77  303  316  536  166 1813  676  350 1174 1628 1987 1866 1879 1152  460 1452 1901  700  154 1098  470 1490 1166    4  154  168 1746 1470  532 1069  703 1399 1026 1513 1984   57  573  414 1475  611 1880 1199 1815  619   32   13 1136 1444  565 1726  346  389 1178  784  351 1486 1371  198  190 1817  476  920 1667 1162  865  717 1760   65 1735 1072  201  256 1740 1653  424 1483  735  904  275  776 1199  150 1665 1357 1283  155 1926
1560  193  817 1740  932 1194  538 1835  305  769  787  608  613  831  843 1702  207 1745 1983 1622  544  520  157 1255  579  388  800  903 1924  405  393 1186   72  536 1153  931  757  570 1467  317 1928 1946 1766 1048  548 1516  775  394  138  924 1545 1305 1877  135 1976  995 1049 1646  788   23 1699  129  213  779  378  617 1218  581  835  933  982   66 1634 1009 1983 1212 1430 1498  231  959 1364 1203 1639    9 1259 1774  206 1471 1722 1065 1697 1117   87 1257  259  961  699   39 1887   50  564  667 1232 1957 1890  352   37   90   59 1473  412 1107 1217 1236 1220 1282 1870  298 1563  558
 318  576 1162 1114  745  397 1381  253  653  930    3  775 1566 1249 1305 1135 1475  887 1885  596 1955  998  826 1889   96  722  295  536  742 1019 1199   84 1200  701  488 1890  857 1587  632  924  443  547 1665  303 1045 1013 1500  350  577  659 1848  742  417  567 1660 1193   73 1351  244  555 1679 1992  261  650  706 1106 1820 1964  632  971 1755 1890  489 1869 1205  375  683  228 1021 1511  403  554 1532 1920 1318   69 1628  542  679  781  170 1421   27 1876  278 1136  156 1433 1311 1147  782  993 1067  487  965 1230 1120  533  692  587 1707 1431  264  697 1379 1036 1857  542  365  452
1664  746 1785  250 1475  823  220  944 1293  432  883  560 1487  170  381  155 1124 1738  170 1588 1292  185  182 1196 1384 1666  749  181  499  749  699 1258  935 1810 1909 1266 1453 1754  580 1837 1539 1401  520  378  876 1008 1556 1644   57 1971  394 1528 1706  579  485 1304  605 1639  228  314  404 1452  442 1205  355  662  967 1825  643  346 1790 1361 1324 1111 1101 1758  707  139  693  495  374  127 1224  799 1584 1496 1279  311  994  688  951 1405 1897  124  193  497  137 1938 1252  666  845 1949 1983   14  528 1779 1687 1930 1538 1788 1507 1848 1532 1236  474  347  504  328 1440 1038
1449   52 1217 1330  272 1555  195 1091 1265 1955 1495 1278 1220 1984  681  240  540  125   91 1257  439 1173  825 1622  225  337  572   29 1358 1835 1676  524 1280  966  985 1773 1890   82 1409 1219 1066 1601 1385 1246 1459 1187  349 1424  537  596 1248 1623 1979  793  754  434  981 1584  466 1751   46   11  717 1490   91 1351  595 1501  278  331 1218  833  711  370  762 1452  209 1858 1351  934  181 1478  614  172   44 1578 1979 1718  730 1906   23 1354 1425  555 1978  436 1201 1193  689 1697 1195 1505 1455  827 1339 1218  449 1544 1624 1525 1327 1356  998  594  564 1445  511 1021 1457 1878
1959 1761  617  820  760 1016  219 1579 1363  630 1652  284  749 1032  680 1772 1895 1562  145 1593  565  938 1881 1926 1331  191  214  608  757  406 1762   11 1028 1224 1891  742  772  244  530  864  591  215  858 1002  762 1864  149  164 1324  853 1510  747 1157  466 1667 1088  868  494 1654  426 1323 1787 1012  778 1242 1116  145  804  166  686   15 1667  194  963  199  401  931  738 1982 1277   45 1295 1124 1154  480 1001 1333 1226  571 1244 1651 1313 1159 1389 1332 1049 1480 1943  367  695  984  149  195 1449 1047   15 1858 1570 1579  271 1380 1264 1439 1136 1530  800  780 1159  446 1513
1076 1139 1308 1781   16  785 1347  467  700 1839  270 1158  611  520 1396  213 1417 1640  633  895 1606 1178  248 1264 1377  812  650 1780  484  352 1071 1974  216  434  726 1792 1275 1625 1218  872 1138 1658 1792 1033 1294 1482  223 1641 1974   19  377 1315   67 1614   25 1999  472 1199  471 1196 1033 1450  746 1428  467 1149  808  563  692 1960 1896  763 1617 1903 1888 1734  383  123  523 1316 1370  207  748  989  154 1539  502   14  453  479  586  637 1797 1417 1883 1438  381  238 1018  627 1808  521 1255  148  452  933 1729 1943 1105  663  385 1007 1068 1992  177  930  706  786 1828 1984
 156 1099 1563  761 1869   10 1953  591 1284  786 1333 1194  425 1603 1947  434 1655    9 1783 1260 1218  982 1162  559 1425 1623 1588 1409 1984 1353   64 1413   46 1008 1289 1446 1529   50   88 1054  545  548  122  527  483  288  829  467  616 1218 1843 1042  492 1676  538 1172  844   98  646 1689 1422 1807 1227  337  291  869  713 1159 1873  595 1401 1211 1358 1429 1389 1728  503 1261 1246 1165  220 1926  276 1579 1605 1771 1471  412 1250  362  958 1632 1321 1870  688  649 1978  766 1791 1334 1399 1379 1100 1938 1590 1555  815 1870  192 1800  932  227 1733 1693  108 1709 1607 1542 1203 1928
1993 1825  371  249  591  240  325 1107  651 1272 1773 1535 1221    7 1046 1964 1995 1500  819  425 1192 1227 1758  465 1911 1781 1782  801  322  161 1899  192  328  107 1225 1275  582 1691   54 1820  704   67 1513  436  299  799   18 1610 1867 1540  353 1371  962  858  284 1078  866 1463 1310 1928 1102 1041  221 1443 1856 1125    7  400  311 1183  421  309 1341  542  910 1959  323  543 1595  458  408  477  390 1487  279  179  294  453 1465   50  212 1320  810  101 1338 1245   65  404 1944 1250  794 1227  408 1649  739 1807 1811  757 1814 1517  555 1717   33 1269 1830  658  314  729  465  792
 303 1152 1356  332 1418  879  738  442  461  405 1936  418 1304 1351 1989  218 1098  249  754  388 1765 1889 1360 1727 1348 1819 1720   31 1573 1740  602 1658  154  718  814  155  221 1580 1888  980  172 1370 1062  236 1959  426 1513   46   29 1802  514  409  795 1602  804 1620 1868  415 1685 1883 1010  748   98  823  551 1065 1054  313  994  310 1040 1829  585 1658 1722  579  930  778 1437 1609 1120  800  226 1570  605  565 1736 1156 1163  462  230  927  644  142  708  297 1482  475 1121 1950  669 1390 1301  477 1754  108  608  864 1505 1777 1309 1263  303 1516 1809 1709   47 1666 1864  109
 703  386  964  702 1784 1096 1899  862 1781  716 1593 1851 1998 1563 1886   29 1805   80  444  583  974    3  465  135  689  755  740 1817 1709  924 1862 1167  936 1293  337  919  375 1537 1846  238  403  170  693  687  696 1440  723 1814 1315  116 1071 1169 1125  567 1193  477 1069 1038  515 1241  690 1543 1300 1695 1095  625 1990 1480 1944  392 1538  849  770 1146  727 1768 1196 1993 1917   72 1090  889 1160  163  313  287  394 1815  115  352 1971 1632  428  553  316  690 1324 1985 1869  929   66 1439 1620  496  470  136 1738 1234  742  100  369  417 1901 1580  963 1026  773 1196  819 1344
1615 1792 1053 1408 1905  666  406  968  156  172  299 1799 1871  536   23  804   57 1641 1713 1372 1501  666 1043 1821  568  818 1904  192  433  371  548  982  614  894  920 1366 1316 1903  941 1525 1311  221 1058 1274  592  448  618 1429  946 1793  307 1393  481 1073 1614 1755 1074  503  833   36 1578  692 1767 1309  726 1346  528  635  195  315  297  341 1325  136  286   36 1766 1814 1621 1756  541 1391  125 1204  147  207  772  289 1998 1252   30  355 1520  497  773  931  882  734  576   87 1302  976 1829 1597  178   22  608 1630 1258  159 1521  692 1920 1774 1049  644  969 1520 1616 1359
 271  856  617  602  981 1789  144  727 1473 1079  970  691  154  138 1506 1370 1491  205   82 1748  207  401  457 1546  127   69 1780 1522  954 1790 1456  982 1134  838  661 1994  212 1199 1221 1502 1280 1828 1978  103 1257 1410 1863  563 1191  855 1634 1577  225 1366 1569   79  969 1238 1404  662 1151  276  413  112  774 1025 1272  700  712  799  808  937  915 1114  263  557  962  425  805  118 1192 1270  912  197    2 1557 1348  290  985  853  680  608 1113  144  918  707 1702  441 1230  984 1331 1744 1768  904 1761 1296  981  155 1852 1417  299 1594 1638  636 1224  253 1694  912  948  286
 104  210  175 1300  156 1100 1094 1339 1555 1649 1239 1371 1784 1052 1254 1631  483 1318 1259 1958  226   21  683 1195 1953  379 1960  166 1041    7 1654 1551 1124 1122  466  794  467 1631  768  763 1051  430  398   83 1893  427 1611 1588 1232  598  297  901  403 1815  657  284 1766  243  565  331 1416 1841  371 1476  112 1380 1409 1376  417 1061  782  758  218 1031  698 1811 1966 1238  498  903 1750  219 1867  137 1938  725  377 1526  460 1764 1896 1260 1574 1940 1737  945   96 1284  103  903  112  966 1529  626 1635  732 1425  506  630  273 1540   32  213 1153  318  578 1410  183 1814 1831
 388 1223 1197   59   54 1429  308   59 1038 1185 1109  841  556  777 1563  174 1698  949  421 2000  317 1781 1658  294 1854  696  159  151  791 1893  915  438  471 1354 1669  424 1133 1049  180 1894 1030  758 1146  546 1815  210 1403 1434 1474 1041 1212   70 1689 1121   83 1459 1140  487  209  497  209  959 1267 1453 1354 1634 1967  599   36  506    6  888  838 1978 1665 1549  185 1497  928  699  910   64  318  236 1857 1264 1273 1684 1233 1335  627 1866  980  681 1603 1217 1141 1651 1081  178  943  783 1553  579 1002 1461 1606  904  666 1453 1019 1726 1772  169 1180  485  216  368  934  798
1120  624 1242 1635 1063 1601 1313  492 1960 1678 1434  983   55 1879 1038 1112  524 1696 1442  603 1636 1603  406  553 1647   69  258 1205  250  110 1806  726  899 1748  715  384  723  364 1316 1301 1914 1578 1209  112 1314 1240 1770  282 1646  560  455 1480 1137  279  480 1345  286  649  110 1343  769 1148  744  743  352  256  182 1845 1436 1121 1066 1214 1979  331  132 1939 1495 1215 1922 1008 1038 1835  673 1541  918  639 1102 1816  386 1917 1614 1748 1757   27   33 1375 1229  309  701 1661 1121  365  335 1871 1853  668  239  307 1386 1478 1978  520 1042   30 1224    3  213  341 1394  375
 742  430  653 1448 1190 1294 1451 1538  480   27 1938  583 1039 1792 1642 1633  473 1845 1268    9 1522 1881  183  845 1043 1088 1745  738 1436  666 1881  550 1957  975  468  913  831 1514 1568 1172  698  544  135  692 1944 1273 1133  120  876 1836  345  547  952 1417 1157  698  133  803 1502 1973  564  462  893  835 1833  543  863 1888 1926  844 1538 1743 1636 1665  797 1270 1009 1882 1768  330 1631 1571 1526  935 1702  508  692 1698 1750 1059  611  316  417 1969  913  636 1385  400  641  354  219 1059 1687  368 1651 1646 1658 1121  134  859 1123  770 1589 1906  546 1832 1676 1889  965 1224
 783 1813 1279  231 1935 1545 1726  193  323 1245 1285  424  584   46  272  973 1023 1228  437 1971 1424 1839 1021  737 1536 1491  568 1333 1876  625 1126 1036 1696 1018 1600   50  376  435  622  194 1570 1318 1146 1395  200 1218  864  251 1460  454 1313 1247 1903  171  802 1378 1311  936  640 1808 1840 1030 1543 1103   61  800  661 1347  485 1104  298  912  611  787 1945 1690 1419 1219 1283 1774  688 1958  252 1343 1720  321  654 1818 1300 1063  323 1391  381 1726 1114  142  135 1493   75 1669  778 1602  740 1031  356 1665  262  929 1948  905  341   38 1622 1284  271 1880  951 1157 1790 1453
 825  216  859  810 1434 1724  455  563  807 1657  658  819  174  772 1000 1236 1948 1333 1420  555 1421  636 1550 1069   13  679  451 1121 1489 1497  565  953 1614  193 1821 1801  908  666  360 1049 1225 1879 1138  571 1444 1377  666 1334  482  606   39 1005 1818   87 1490 1252  975  401  269  894 1736  552 1511  533 1639  485  692  972  157 1694  148 1347 1800 1960 1899  211  338 1968  540  410  144   17 1336 1853  162 1100  548  679 1414 1938 1169 1473  710  749  669  795 1648  117  364  688 1825  543 1650  768 1190 1860 1470 1319  640  490  493 1247  144  371  907  310 1103  629  729  307
 907 1868 1660  743 1290  437  398  195 1412 1113 1197  256 1108  101  500  232  113 1788  437 1031   14  380   28  121  549   71  235   57 1499  399 1575 1110  265  833  106 1830 1976 1288  370 1747  814  450  547  132 1988 1963  554 1883  959 1976 1982 1860  377   51 1956 1738  194 1713  265 1634 1245 1609  379 1871 1117   58  661  880 1946 1716  523  784 1452 1773 1424 1888 1887  953 1134 1096  115 1874 1869 1078  525  431 1527 1873 1203 1709  777  439  726  427 1814 1751  854 1350  904 1819  667 1119 1250  695 1544 1313 1700  624 1380 1723  639  153  856  674  163 1934  529  653 1952 1705
1617 1468   19  846 1876 1053   17  380 1196 1600 1830 1614  645 1528 1673 1957  636  575   52 1560 1073 1263  627 1554  118  915 1634  731   19 1172 1588  236  929 1141  598  534  140  570 1544 1177  298  722 1139  235 1310 1863 1511  479 1692  150  696  122  123  485  967 1470 1330 1477 1191  531   18  637  747 1490 1149  978 1488  175  120 1814 1533  834  664 1981 1864  895   93  270 1936  830 1634 1204  627 1724  861  192  848 1435  760  992  730 1188 1297  849   34 1295  287 1745 1310 1507 1286  964 1440  929 1515  792  609 1905 1455  384  316 1472  226   35   34 1080  284 1846 1173  716
 787 1526  220  943 1337 1833  782  163  578 1968 1475 1729 1358 1981  848 1633 1193 1504  765 1733  456 1271  757 1039 1193 1611 1581  433 1608   20 1040 1751 1555  722 1003 1172  620 1986 1032  121  287 1436  365 1254 1584   34  930 1070  757 1082    9  334 1623 1258 1128 1816  780  779 1936  825  106 1185 1517 1659  906  920  334 1240  231  533  516  795 1179 1490  311  112  600  865  992  745 1332 1153 1359 1328 1611 1928  177 1201  172 1389  740  538  436  106  898 1999 1418 1591  800  856  621  709 1576  273  309 1468 1406  650  993 1852  429  507 1921 1562 1155  940 1059  430 1963 1009
1461  247 1910  728  983  394 1366 1854  768  643 1861  903  944  328  977  178  271  345 1692  839 1966 1481  666  114  314  486  139  677  747  477 1608 1940 1657 1384 1785  283  935 1353  504 1353 1895  504 1130   14 1227  905  582  813 1389 1839  901   19 1420 1243  320  674 1096 1119 1162 1836 1872 1296 1426  150 1518 1271 1036 1750 1671 1744 1513  332 1089 1431  197 1480 1066  145  158  863 1710  440 1398  534 1462  118 1725 1748 1939  269   21 1028  227 1286   35 1271 1789  594   34  297 1263  725 1803  337 1338  626  313 1744  574  936  150  603  647 1383 1903  355  715 1714 1822 1447
1829 1901 1682  795  700 1250 1827  655  639 1857 1929 1761 1621 1891 1515  245  905 1594  983 1369 1568  569  962 1904 1184 1418  198 1868 1997 1181  451  152 1722 1471  300  489 1006 1638  568  816  448  762 1427 1680  490 1606  191  152 1393  488 1908 1850 1233 1471 1796  889  493  140  929  232  556 1436  566 1623  490  435  292  662  600  558  356 1524 1386   34 1750 1789 1174 1661  982   64  812  351  679 1375  478  897  281  161 1355 1224  590 1844  145  760 1518  423 1213 1973 1083 1573 1970  447 1806  912 1872 1631  748 1566  843  842  113  435  969  297 1451  136  356  632 1408  426
1823  921  632 1382  117 1136 1891 1498 1575 1000  715 1126  591  175  793  980 1284 1454  410 1711  359 1888 1938  336  146 1939  562 1443  848 1242 1438 1882   95  445  753  461 1385 1144  365  184  799 1099 1423 1367 1132 1882  305  665 1737   24   37 1291  686 1309 1015 1544  500  550 1644 1297 1318 1131 1524  194 1392  857 1523  306  436  389  876 1917  565   20 1804  657  349 1254 1139 1371  568  887 1547 1471  521 1311   17 1200  821  928 1438  207 1065  747  304 1771   67  453  988 1035  842 1977   52 1359  173 1627  869 1951 1104  849  583  131  226 1786 1240 1562 1344  391 1911  585
1865 1423  538  736 1840  625  553  331 1671  243  877  546  469  132  937  171 1121  111 1576    7 1017  620 1110  729 1036  534 1322  968  182 1479 1200 1194 1579  325 1553 1150 1020  285 1491  154 1983  621  749  657  407 1498 1307 1626 1730  272   40  318  822 1015  625 1158 1602  159  945  291  766  640  988  541 1180  690  162  505 1390  177 1089  429   50  263  109 1676  529 1493 1392  868 1066  731  631  584 1026 1445 1009  378 1160  811 1306 1117  586  640  128  381 1547 1489  808   50  249  904 1624 1343  865   80   17  845 1320  814  192 1192 1704  360 1771 1532 1069  185 1056 1235
1367  589 1262  781 1707  740  767  957   48  459  889  864 1885 1112  789  369 1459  418  138  625  681  372  588  953  232  602 1095  721  154  234 1341  391  683 1837 1404 1535 1848 1373  610  219 1930  102 1096 1537 1178 1999 1965 1176  406  385  559   59 1215 1652  701 1271  211   98 1954 1823 1850 1204 1101  634 1543 1458  582  179  993 1449 1988 1710  171  940  909  395  528 1595 1911 1657   50 1813 1404 1857  220  735 1922 1817  160  654  845  836 1495  815 1085 1027 1280  116  623 1206  836  618 1175  844  922   87 1332   58 1233 1603 1840  693 1890 1576 1147  447 1111 1001  141 1641
1945  214  225 1741 1145  484 1684  144 1155 1087  866   53 1759  506  893   92 1462  101 1270 1219 1863 1957 1860 1486 1680 1467  992 1140 1266 1097  623  401  469  408 1211 1366 1422  452  396 1307  684 1123 1079  649 1291 1138 1374  603 1023 1000 1926   81 1334  999 1837 1956 1028  424 1537  919  862 1150 1836 1393  478 1432 1449  655 1463  938  775  661   58 1211 1782 1251 1294 1933  955 1677  766 1534  928  178  356 1386 1585  135  339  264  391 1902  843  464 1528  676 1818  940  518 1519 1403 1018 1896 1001 1990  922 1410  717 1113 1577  810  220  646 1477  727 1134 1489  610 1095  394