A*
25 25
0 0
5
1
24 24
3 3 3 3 1 5 3 1 5 2 2 4 4 3 5 2 2 1 0 4 5 2 5 1 0
7 7 6 7 8 6 10 8 7 10 10 7 11 9 7 10 9 9 8 11 8 8 8 10 10
15 14 17 16 13 17 12 15 14 12 12 17 16 15 15 14 14 12 16 15 13 12 12 15 17
21 23 19 22 23 21 21 22 21 21 23 23 19 18 22 21 21 19 18 19 23 19 18 23 18
24 27 27 28 24 26 27 27 29 26 26 29 27 27 26 25 26 28 26 27 29 25 29 29 28
32 35 31 35 31 32 35 31 31 32 30 33 35 34 31 34 30 35 30 32 31 30 31 30 35
38 36 38 40 36 38 39 38 41 39 39 39 41 39 40 38 36 38 41 41 40 38 36 36 38
46 46 44 47 47 44 43 46 44 44 45 46 46 46 44 42 44 42 44 46 47 46 46 45 44
50 48 50 50 51 53 50 48 48 51 48 52 51 52 49 49 53 51 52 51 53 48 49 52 51
58 58 57 57 55 59 56 58 58 56 57 59 57 58 58 54 57 56 57 54 56 58 58 59 54
60 63 62 62 62 62 61 64 60 63 65 60 65 61 65 62 64 63 65 63 63 63 64 64 63
68 71 67 66 67 67 66 67 68 69 71 70 66 70 71 68 66 70 71 68 68 71 68 66 67
72 72 75 73 76 74 75 74 72 75 73 77 74 73 73 77 76 72 73 77 75 72 76 74 75
82 79 83 81 78 81 78 78 78 80 81 83 79 79 83 79 81 83 79 79 83 79 79 83 78
87 86 87 88 85 84 86 87 86 88 86 89 89 86 84 86 84 89 85 86 89 85 85 89 88
90 92 95 95 92 93 94 95 95 95 93 95 91 95 95 93 93 91 95 95 90 94 92 93 90
100 100 97 96 100 98 99 97 99 97 97 100 97 97 97 101 101 97 101 97 101 96 101 96 98
105 103 104 103 107 104 102 107 105 103 103 104 103 107 105 102 104 107 103 107 106 106 105 106 102
111 109 112 111 110 109 108 111 111 112 112 111 111 113 110 109 112 111 112 109 112 112 110 109 111
115 116 114 117 118 116 117 116 119 118 118 115 116 115 117 115 115 114 118 118 117 116 116 119 115
122 120 123 121 125 120 124 121 124 124 122 122 122 121 124 120 123 121 125 125 124 120 122 123 122
129 131 127 131 130 130 131 131 127 130 131 128 129 127 131 129 131 129 131 129 129 129 131 129 130
137 132 136 136 134 135 133 133 134 135 136 134 133 134 136 132 133 134 135 134 132 135 134 133 137
139 142 141 142 139 139 138 141 142 142 142 143 140 141 141 141 140 138 138 138 141 143 143 139 140
146 144 148 148 144 148 146 146 149 144 146 145 149 149 145 145 149 144 149 149 149 147 144 145 144